Sloan Digital Sky Survey Quasar Catalog V.  Data Release 7            Creation Date:  30 Mar 2010

Column  C1  C2  Format          Description
   1     1  18   A18     DR7 Object Designation   hhmmss.ss+ddmmss.s  (J2000; truncated coordinates)
   2    19  29   F11.6   R.A.(J2000) in degrees
   3    30  40   F11.6   Dec.(J2000) in degrees
   4    41  47   F7.4    Redshift
   5    48  54   F7.3    u PSF magnitude           SDSS photometric measurements are asinh magnitudes (Lupton, Gunn, and Szalay 1999, AJ, 118, 1406) and are normalized (to ~3% accuracy) to the AB-magnitude system (Oke and Gunn 1983, ApJ, 266, 713)
   6    55  60   F6.3    error in u PSF magnitude  Note that the ugriz magnitudes are not corrected for Galactic absorption.
   7    61  67   F7.3    g PSF magnitude           All measurements in columns 5-14 are from BEST processing if available.    0.000 ==> cannot retrieve value from SDSS database
   8    68  73   F6.3    g PSF magnitude error
   9    74  80   F7.3    r PSF magnitude
  10    81  86   F6.3    r PSF magnitude error
  11    87  93   F7.3    i PSF magnitude
  12    94  99   F6.3    i PSF magnitude error
  13   100 106   F7.3    z PSF magnitude
  14   107 112   F6.3    z PSF magnitude error
  15   113 119   F7.3    Galactic absorption in u band (magnitudes)       A_g, A_r, A_i, A_z = 0.736, 0.534, 0.405, 0.287 x A_u
  16   120 126   F7.3    log [Galactic HI column density]
  17   127 133   F7.3    FIRST Peak flux density (AB mag) at 20 cm  (AB mag = -2.5 log_10 [f_nu / 3631 Jy])     0.000 ==> no detection    -1.000 ==> not in FIRST survey area
  18   134 141   F8.3    S/N ratio for FIRST flux
  19   142 148   F7.3    SDSS/FIRST separation (arc seconds)
  20   149 156   F8.3    log RASS BSC/FSC full band count rate (counts/second)     -9.000 ==> no detection          X-ray data from ROSAT All Sky Survey  Bright and Faint source catalogs
  21   157 163   F7.3    S/N ratio for RASS count rate
  22   164 170   F7.3    SDSS/RASS separation (arc seconds)
  23   171 177   F7.3    2MASS J magnitude          All 2MASS data are from the 2MASS All-Sky Data Release  Point Source Catalog (PSC)   2003 March 25      0.000 ==> no detection
  24   178 183   F6.3    2MASS J magnitude error                    ** Note that 2MASS measurements are Vega-based, not AB, magnitudes **
  25   184 190   F7.3    2MASS H magnitude
  26   191 196   F6.3    2MASS H magnitude error
  27   197 203   F7.3    2MASS K magnitude
  28   204 209   F6.3    2MASS K magnitude error
  29   210 216   F7.3    SDSS/2MASS separation (arc seconds)
  30   217 219   I3      2MASS Flag = 9*JFLAG+3*HFLAG+KFLAG  Individual filter flags   0 = No Detection   1 = Catalog Match  2 = New Photometry on Images
  31   220 227   F8.3    M_i  (Absolute i magnitude for Ho:  70.0     Omega_M:   0.300     Omega_L:   0.700     alpha_Q: -0.50)
  32   228 234   F7.3    Delta(g-i)  Offset in magnitudes of the quasar (g-i) from the mode of the distribution of (g-i) of quasars at this redshift.  A value of -9.0 indicates too few quasars at redshift to form mean relation.  (All colors corrected for Galactic extinction)
  33   235 237   I3      Morphology flag            0 = point source      1 = extended
  34   238 240   I3      SCIENCEPRIMARY flag        0 = Object is not SCIENCEPRIMARY       1 = Object is SCIENCEPRIMARY
  35   241 243   I3      SDSS MODE flag (blends, overlapping scans)    1 = Primary object      2 = Secondary observation      3 = Family observation
  36   244 246   I3      Uniform target selection flag     (0 = not selected with final algorithm    1 = selected with final algorithm
  37   247 258   I12     Target selection flag (BEST)
  38   259 261   I3      Low-z Quasar (color selection only) target flag           0 = not targeted as low-z quasar        1 = targeted as low-z quasar
  39   262 264   I3      High-z Quasar (color selection only) target flag          0 = not targeted as high-z quasar       1 = targeted as high-z quasar
  40   265 267   I3      FIRST target flag           0 = not targeted as FIRST        1 = targeted as FIRST
  41   268 270   I3      ROSAT target flag           0 = not targeted as ROSAT        1 = targeted as ROSAT
  42   271 273   I3      Serendipity target flag     0 = not targeted as serendipity  1 = targeted as serendipity
  43   274 276   I3      Star target flag            0 = not targeted as star         1 = targeted as star
  44   277 279   I3      Galaxy target flag          0 = not targeted as galaxy       1 = targeted as galaxy
  45   280 285   I6      SDSS Imaging Run Number for photometric measurements
  46   286 291   I6      Modified Julian Date of imaging observation
  47   292 297   I6      Modified Julian Date of spectroscopic observation
  48   298 302   I5      Spectroscopic Plate Number
  49   303 307   I5      Spectroscopic Fiber Number
  50   308 311   I4      SDSS Photometric Processing Rerun Number
  51   312 314   I3      SDSS Camera Column Number
  52   315 319   I5      SDSS Frame Number
  53   320 324   I5      SDSS Object Number
  54   325 336   I12     Target selection flag (TARGET)
  55   337 339   I3      Low-z Quasar (color selection only) target flag           0 = not targeted as low-z quasar        1 = targeted as low-z quasar
  56   340 342   I3      High-z Quasar (color selection only) target flag          0 = not targeted as high-z quasar       1 = targeted as high-z quasar
  57   343 345   I3      FIRST target flag           0 = not targeted as FIRST        1 = targeted as FIRST
  58   346 348   I3      ROSAT target flag           0 = not targeted as ROSAT        1 = targeted as ROSAT
  59   349 351   I3      Serendipity target flag     0 = not targeted as serendipity  1 = targeted as serendipity
  60   352 354   I3      Star target flag            0 = not targeted as star         1 = targeted as star
  61   355 357   I3      Galaxy target flag          0 = not targeted as galaxy       1 = targeted as galaxy
  62   358 364   F7.3    u PSF magnitude (TARGET)    0.000 ==> cannot retrieve value from SDSS database
  63   365 370   F6.3    error in u PSF magnitude (TARGET)
  64   371 377   F7.3    g PSF magnitude (TARGET)
  65   378 383   F6.3    error in g PSF magnitude (TARGET)
  66   384 390   F7.3    r PSF magnitude (TARGET)
  67   391 396   F6.3    error in r PSF magnitude (TARGET)
  68   397 403   F7.3    i PSF magnitude (TARGET)
  69   404 409   F6.3    error in i PSF magnitude (TARGET)
  70   410 416   F7.3    z PSF magnitude (TARGET)
  71   417 422   F6.3    error in z PSF magnitude (TARGET)
  72   423 443   I21     BestObjID (64-bit integer)
  73   444 464   I21     SpecObjID (64-bit integer)
  74   465 490   1X,A25  Object Name if previously published  ("SDSS" in this column indicates that the object is a previously published SDSS discovery)

         1              2          3        4     5      6     7      8     9     10    11     12    13     14     15     16     17      18     19       20    21     22     23    24     25    26     27    28     29   30   31      32   33 34 35 36      37     38 39 40 41 42 43 44   45    46    47    48   49  50 51   52   53       54    55 56 57 58 59 60 61    62    63     64    65     66    67     68    69     70    71             72                   73                74
      SDSS J          R.A. (2000)  Dec.     z         u            g            r            i            z        A_u  log NH  FIRST    S/N    "      ROSAT   S/N    "      2MASS J      2MASS H      2MASS K      "   Flg   M_i   D(g-i) Mp SP Bl Um  BEST Flag  Lz Hz FT RT Sr St Gx  Run  R_MJD S_MJD Plate Fib Prs Col Frm  Obj TARGET Flag Lz Hz FT RT Sr St Gx   u_TARGET     g_TARGET     r_TARGET     i_TARGET     z_TARGET          BestObjID            SpecObjID         Other Name
000006.53+003055.2   0.027228   0.515341 1.8246 20.384 0.065 20.461 0.034 20.324 0.038 20.093 0.041 20.042 0.121  0.130 20.508  0.000   0.000  0.000  -9.000  0.000  0.000  0.000 0.000  0.000 0.000  0.000 0.000  0.000  0 -25.109  0.091  0  0  1  0    34603008  0  0  0  0  1  0  0  3325 52522 52203  685  467  41  5  108  118    34603008  0  0  0  0  1  0  0 20.384 0.065 20.461 0.034 20.324 0.038 20.093 0.041 20.042 0.121   588015509806252150   193034571183292416 SDSS J000006.53+003055.2 
000008.13+001634.6   0.033900   0.276301 1.8373 20.242 0.054 20.206 0.024 19.941 0.032 19.485 0.032 19.178 0.068  0.161 20.502  0.000   0.000  0.000  -9.000  0.000  0.000 17.351 0.291  0.000 0.000  0.000 0.000  0.000 18 -25.745  0.438  0  0  1  0    34603008  0  0  0  0  1  0  0  2662 52197 52203  685  470  40  4  283  150     1048576  0  0  0  0  1  0  0 20.094 0.044 19.980 0.017 19.852 0.020 19.405 0.021 19.100 0.079   587731186740822166   193034571195875328 SDSS J000008.13+001634.6 
000009.26+151754.5   0.038604  15.298477 1.1985 19.916 0.042 19.807 0.036 19.374 0.017 19.148 0.023 19.312 0.069  0.223 20.551 -1.000   0.000  0.000  -9.000  0.000  0.000  0.000 0.000  0.000 0.000  0.000 0.000  0.000  0 -25.101  0.338  0  1  1  1     1048578  1  0  0  0  1  0  0  1739 51814 52251  751  354  40  4  303   24     1048578  1  0  0  0  1  0  0 19.912 0.037 19.770 0.024 19.393 0.018 19.173 0.019 19.353 0.070   587727222487318552   211612125330669568 SDSS J000009.26+151754.5 
000009.38+135618.4   0.039089  13.938450 2.2342 19.233 0.026 18.886 0.022 18.427 0.018 18.301 0.024 18.084 0.033  0.322 20.572 -1.000   0.000  0.000  -9.000  0.000  0.000 17.263 0.272  0.000 0.000  0.000 0.000  0.000 18 -27.443  0.426  0  1  1  1           2  1  0  0  0  0  0  0  1739 51814 52235  750   82  40  1  302  154           2  1  0  0  0  0  0  0 19.242 0.028 18.875 0.016 18.423 0.015 18.313 0.015 18.103 0.025   587727220876640410   211330580493631488 SDSS J000009.38+135618.4 
000009.42-102751.9   0.039271 -10.464426 1.8449 19.242 0.036 19.019 0.027 18.966 0.021 18.775 0.018 18.705 0.047  0.188 20.444  0.000   0.000  0.000  -9.000  0.000  0.000  0.000 0.000  0.000 0.000  0.000 0.000  0.000  0 -26.476 -0.057  0  1  1  0     1048578  1  0  0  0  1  0  0  1740 51814 52143  650  199  40  2   22   90     1048580  1  0  0  0  1  0  0 19.160 0.032 19.011 0.014 18.972 0.015 18.758 0.015 18.719 0.045   587727225690128474   183182688176308224 SDSS J000009.42-102751.8 
000011.41+145545.6   0.047549  14.929355 0.4597 19.647 0.030 19.465 0.024 19.368 0.022 19.193 0.025 19.015 0.047  0.208 20.559 -1.000   0.000  0.000  -9.000  0.000  0.000  0.000 0.000  0.000 0.000 16.039 0.266  0.000  2 -22.729  0.055  0  1  1  1    34603008  0  0  0  0  1  0  0  1739 51814 52235  750  499  40  3  303   43     1048578  1  0  0  0  1  0  0 19.679 0.029 19.454 0.018 19.355 0.015 19.172 0.028 19.044 0.045   587727221950447659   211330582242656256 SDSS J000011.41+145545.6 
000011.96+000225.3   0.049839   0.040365 0.4789 18.228 0.027 17.934 0.020 17.995 0.019 17.934 0.014 17.873 0.029  0.161 20.502  0.000   0.000  0.000  -1.660  2.157  2.040 16.651 0.136 15.820 0.149 14.821 0.111  0.209 13 -24.068 -0.146  0  1  1  0   134224898  1  0  0  1  0  0  0  3325 52522 51791  387  200  41  4  108   19   134224900  1  0  0  1  0  0  0 17.835 0.011 17.580 0.004 17.695 0.005 17.646 0.006 17.660 0.024   588015509269381139   109153257477111808 LBQS 2357-0014           
000012.25-003220.5   0.051079  -0.539047 1.4365 20.404 0.068 20.499 0.032 20.247 0.028 20.135 0.037 20.367 0.160  0.215 20.512  0.000   0.000  0.000  -9.000  0.000  0.000  0.000 0.000  0.000 0.000  0.000 0.000  0.000  0 -24.542  0.040  0  0  1  0    33554432  0  0  0  0  0  0  0  2662 52197 52902 1091  129  40  2  283  146    33554432  0  0  0  0  0  0  0 20.404 0.068 20.499 0.032 20.247 0.028 20.135 0.037 20.367 0.160   587731185667080338   307316412492283904 SDSS J000012.25-003220.5 
000013.14+141034.6   0.054787  14.176303 0.9582 19.524 0.034 19.295 0.028 19.122 0.016 19.154 0.024 19.066 0.052  0.309 20.572 -1.000   0.000  0.000  -9.000  0.000  0.000  0.000 0.000  0.000 0.000  0.000 0.000  0.000  0 -24.592 -0.040  0  1  1  1     1048578  1  0  0  0  1  0  0  2566 52170 52235  750   98  40  2  309   51     1048578  1  0  0  0  1  0  0 19.528 0.036 19.296 0.013 19.129 0.027 19.175 0.018 19.102 0.050   587730773351923763   211330580560740352 SDSS J000013.14+141034.6 
000013.80-005446.8   0.057506  -0.913001 1.8499 20.539 0.063 20.219 0.034 20.058 0.027 19.592 0.030 19.459 0.075  0.212 20.517  0.000   0.000  0.000  -9.000  0.000  0.000  0.000 0.000  0.000 0.000  0.000 0.000  0.000  0 -25.675  0.320  0  0  1  0    33554432  0  0  0  0  0  0  0  2662 52197 52902 1091  108  40  1  283   25    33554432  0  0  0  0  0  0  0 20.539 0.063 20.219 0.034 20.058 0.027 19.592 0.030 19.459 0.075   587731185130209305   307316412404203520 SDSS J000013.80-005446.8 
000014.82-011030.7   0.061779  -1.175200 1.8877 19.479 0.038 19.360 0.032 19.313 0.022 19.138 0.025 19.164 0.062  0.185 20.521  0.000   0.000  0.000  -9.000  0.000  0.000  0.000 0.000  0.000 0.000  0.000 0.000  0.000  0 -26.165 -0.063  0  0  1  0           2  1  0  0  0  0  0  0  3325 52522 52203  685  198  41  1  108  108     1179648  0  0  0  0  1  1  0 19.268 0.029 19.190 0.013 19.185 0.015 19.079 0.021 18.987 0.068   588015507658768492   193034570055024640 SDSS J000014.82-011030.6 
000015.47+005246.8   0.064497   0.879677 1.8516 19.799 0.046 19.604 0.023 19.531 0.022 19.188 0.036 19.118 0.062  0.139 20.507  0.000   0.000  0.000  -9.000  0.000  0.000  0.000 0.000  0.000 0.000  0.000 0.000  0.000  0 -26.051  0.131  0  0  1  0    34603008  0  0  0  0  1  0  0  3325 52522 52203  685  439  41  6  108  161     1048576  0  0  0  0  1  0  0 19.944 0.055 19.683 0.018 19.654 0.022 19.329 0.027 19.184 0.085   588015510343123105   193034571065851904 SDSS J000015.47+005246.8 
000016.43-001833.3   0.068466  -0.309277 0.7030 18.533 0.031 17.973 0.092 17.811 0.021 17.695 0.023 17.594 0.024  0.175 20.505  0.000   0.000  0.000  -9.000  0.000  0.000 16.547 0.132 16.220 0.207 15.092 0.126  0.516 13 -25.245  0.244  0  0  2  0           2  1  0  0  0  0  0  0  6372 53997 52991 1489  142  40  6   66   49           2  1  0  0  0  0  0  0 18.533 0.031 17.973 0.092 17.811 0.021 17.695 0.023 17.594 0.024   587747122129010737   419343835529740288 SDSS J000016.43-001833.4 
000017.38-085123.7   0.072423  -8.856608 1.2491 19.195 0.034 18.741 0.020 18.271 0.021 18.283 0.036 18.257 0.037  0.194 20.462 13.966  62.733  0.538  -9.000  0.000  0.000 17.148 0.255 16.681 0.275  0.000 0.000  0.000 24 -26.053  0.112  0  1  1  0     3145738  1  0  1  0  1  0  0  1740 51814 52143  650  459  40  6   22   33     3145748  1  0  1  0  1  0  0 19.216 0.029 18.741 0.013 18.285 0.010 18.265 0.012 18.239 0.033   587727227837612065   183182689266827264 FBQS J0000-0851          
000017.88+002612.6   0.074530   0.436838 0.5457 20.174 0.059 19.900 0.028 19.849 0.031 19.634 0.030 19.596 0.083  0.132 20.496  0.000   0.000  0.000  -9.000  0.000  0.000  0.000 0.000  0.000 0.000  0.000 0.000  0.000  0 -22.673  0.152  0  0  1  0    34603008  0  0  0  0  1  0  0  3325 52522 52203  685  462  41  5  108  147     1048576  0  0  0  0  1  0  0 20.219 0.063 19.804 0.019 19.803 0.025 19.512 0.032 19.245 0.083   588015509806252179   193034571162320896 SDSS J000017.88+002612.6 
000024.02+152005.4   0.100116  15.334845 0.9889 19.421 0.044 19.180 0.035 18.973 0.015 19.059 0.023 19.120 0.060  0.220 20.553 -1.000   0.000  0.000  -1.877  2.017 20.600  0.000 0.000  0.000 0.000  0.000 0.000  0.000  0 -24.727 -0.050  0  1  1  1   134225410  1  0  0  1  0  0  0  1739 51814 52235  750  500  40  4  303  109   134224898  1  0  0  1  0  0  0 19.469 0.040 19.189 0.023 18.985 0.017 19.081 0.018 19.186 0.062   587727222487318637   211330582246850560 SDSS J000024.02+152005.4 
000024.83+245703.3   0.103459  24.950936 3.2137 21.679 0.206 20.325 0.025 20.100 0.027 20.087 0.031 19.836 0.113  0.395 20.677 -1.000   0.000  0.000  -9.000  0.000  0.000  0.000 0.000  0.000 0.000 16.140 0.279  0.000  2 -26.498 -0.244  0  0  1  0           0  0  0  0  0  0  0  0  4836 53265 54389 2822  315  40  4  366  217           0  0  0  0  0  0  0  0 21.679 0.206 20.325 0.025 20.100 0.027 20.087 0.031 19.836 0.113   587740524005163225   794555984574939136                          
000025.21+291609.2   0.105059  29.269232 0.9243 20.510 0.063 20.295 0.030 20.129 0.027 20.152 0.036 20.096 0.116  0.305 20.702 -1.000   0.000  0.000  -9.000  0.000  0.000  0.000 0.000  0.000 0.000  0.000 0.000  0.000  0 -23.505 -0.001  0  0  1  0    34603008  0  0  0  0  1  0  0  4152 52911 54452 2824  393 648  3   98  290    34603008  0  0  0  0  1  0  0 20.510 0.063 20.295 0.030 20.129 0.027 20.152 0.036 20.096 0.116   758874371533177122   795119205438455808                          
000025.93+242417.5   0.108071  24.404882 1.1560 21.148 0.096 20.483 0.024 19.964 0.021 19.824 0.028 19.750 0.072  0.438 20.679 -1.000   0.000  0.000  -9.000  0.000  0.000  0.000 0.000  0.000 0.000 16.040 0.273  0.000  2 -24.426  0.301  0  0  1  0           0  0  0  0  0  0  0  0  4851 53271 54389 2822  318  40  2   32  234           0  0  0  0  0  0  0  0 21.148 0.096 20.483 0.024 19.964 0.021 19.824 0.028 19.750 0.072   587740587334041834   794555984587522048                          
000026.29+134604.6   0.109582  13.767969 0.7676 19.345 0.030 19.000 0.023 18.922 0.023 18.988 0.022 18.817 0.042  0.297 20.572 -1.000   0.000  0.000  -9.000  0.000  0.000  0.000 0.000 16.340 0.249 15.775 0.220  0.000  8 -24.215 -0.030  0  1  1  1     1048578  1  0  0  0  1  0  0  2566 52170 52235  750   87  40  1  309   37     1048578  1  0  0  0  1  0  0 19.331 0.026 19.024 0.014 18.946 0.013 19.009 0.033 18.833 0.041   587730772815052837   211330580514603008 SDSS J000026.29+134604.6 
000028.82-102755.7   0.120087 -10.465497 1.1518 20.453 0.086 19.687 0.030 19.162 0.016 19.128 0.023 19.058 0.061  0.199 20.446 15.450  16.901  0.413  -9.000  0.000  0.000 17.507 0.325  0.000 0.000  0.000 0.000  0.000 18 -25.016  0.277  0  1  1  0     2097160  0  0  1  0  1  0  0  1740 51814 52143  650  169  40  2   23  125     2097168  0  0  1  0  1  0  0 20.353 0.081 19.653 0.020 19.163 0.017 19.109 0.019 19.082 0.063   587727225690194045   183182688050479104 FBQS J0000-1027          
000030.37-002732.4   0.126577  -0.459003 1.8055 20.411 0.070 20.246 0.030 20.130 0.026 19.823 0.030 19.705 0.090  0.210 20.496  0.000   0.000  0.000  -9.000  0.000  0.000  0.000 0.000  0.000 0.000  0.000 0.000  0.000  0 -25.387  0.116  0  0  1  0    34603008  0  0  0  0  1  0  0  2662 52197 52203  685  147  40  2  283  185     1048576  0  0  0  0  1  0  0 20.277 0.054 20.003 0.017 19.961 0.022 19.595 0.024 19.774 0.117   587731185667080377   193034569841115136 SDSS J000030.37-002732.4 
000031.86+010305.2   0.132785   1.051464 1.0927 20.565 0.070 20.100 0.023 19.636 0.020 19.586 0.030 19.558 0.083  0.132 20.497  0.000   0.000  0.000  -9.000  0.000  0.000  0.000 0.000  0.000 0.000  0.000 0.000  0.000  0 -24.405  0.295  0  0  1  0    33554432  0  0  0  0  0  0  0  2662 52197 52203  685  505  40  6  283  169     1179648  0  0  0  0  1  1  0 20.176 0.068 19.920 0.020 19.466 0.021 19.406 0.029 19.299 0.094   587731187814564009   193034571342675968 SDSS J000031.86+010305.2 
000032.70-005512.9   0.136253  -0.920264 1.5253 19.936 0.045 19.808 0.031 19.731 0.024 19.570 0.030 19.688 0.092  0.192 20.504  0.000   0.000  0.000  -9.000  0.000  0.000  0.000 0.000  0.000 0.000  0.000 0.000  0.000  0 -25.239 -0.114  0  0  1  0    34603008  0  0  0  0  1  0  0  2662 52197 52203  685  184  40  1  283  143     1048576  0  0  0  0  1  0  0 20.053 0.042 19.941 0.019 19.798 0.020 19.640 0.028 19.652 0.111   587731185130209423   193034569996304384 SDSS J000032.70-005512.9 
000035.75-103305.3   0.148968 -10.551498 1.2182 19.396 0.041 19.442 0.029 19.029 0.015 18.993 0.023 19.133 0.066  0.181 20.444  0.000   0.000  0.000  -9.000  0.000  0.000 17.309 0.277 16.779 0.306  0.000 0.000  0.000 24 -25.278  0.135  0  1  1  0           2  1  0  0  0  0  0  0  1740 51814 52143  650  170  40  2   23  174           4  1  0  0  0  0  0  0 19.342 0.037 19.435 0.019 19.040 0.016 18.990 0.020 19.182 0.068   587727225690194094   183182688054673408 SDSS J000035.75-103305.3 
000038.66+011426.2   0.161085   1.240635 1.8349 20.756 0.085 20.400 0.025 20.576 0.037 20.050 0.041 19.756 0.104  0.144 20.497  0.000   0.000  0.000  -9.000  0.000  0.000  0.000 0.000  0.000 0.000  0.000 0.000  0.000  0 -25.170  0.078  0  0  1  0    34603008  0  0  0  0  1  0  0  2662 52197 52902 1091  559  40  6  283  184    34603008  0  0  0  0  1  0  0 20.756 0.085 20.400 0.025 20.576 0.037 20.050 0.041 19.756 0.104   587731187814564024   307316414295834624 SDSS J000038.65+011426.3 
000039.00-001803.9   0.162502  -0.301107 2.1249 19.237 0.044 19.075 0.022 18.884 0.017 18.883 0.018 18.786 0.044  0.174 20.484  0.000   0.000  0.000  -9.000  0.000  0.000 17.239 0.286  0.000 0.000  0.000 0.000  0.000 18 -26.687  0.002  0  1  1  0     1048578  1  0  0  0  1  0  0  3325 52522 51791  387  167  41  3  109   14     1179652  1  0  0  0  1  1  0 19.408 0.034 19.288 0.013 19.125 0.014 18.982 0.018 18.798 0.059   588015508732575758   109153257338699776 SDSS J000038.99-001803.9 
000041.58+010545.5   0.173271   1.095973 1.5402 20.617 0.074 20.412 0.035 20.364 0.032 20.143 0.043 19.973 0.122  0.135 20.491  0.000   0.000  0.000  -9.000  0.000  0.000  0.000 0.000  0.000 0.000  0.000 0.000  0.000  0 -24.666 -0.068  0  0  1  0    34603008  0  0  0  0  1  0  0  2662 52197 52902 1091  550  40  6  284  110    34603008  0  0  0  0  1  0  0 20.617 0.074 20.412 0.035 20.364 0.032 20.143 0.043 19.973 0.122   587731187814629486   307316414258085888 SDSS J000041.58+010545.5 
000042.02-004501.3   0.175101  -0.750386 1.3115 20.169 0.067 20.384 0.043 20.063 0.029 19.956 0.033 20.179 0.140  0.248 20.493  0.000   0.000  0.000  -9.000  0.000  0.000  0.000 0.000  0.000 0.000  0.000 0.000  0.000  0 -24.518  0.090  0  0  1  0    34603008  0  0  0  0  1  0  0  3325 52522 52203  685  196  41  2  109   95    34603008  0  0  0  0  1  0  0 20.169 0.067 20.384 0.043 20.063 0.029 19.956 0.033 20.179 0.140   588015508195704927   193034570046636032 SDSS J000042.02-004501.3 
000042.89+005539.5   0.178749   0.927659 0.9511 18.354 0.037 18.145 0.015 17.930 0.011 17.879 0.021 17.788 0.024  0.145 20.484  0.000   0.000  0.000  -9.000  0.000  0.000 17.126 0.262 16.489 0.257 15.388 0.199  0.000 26 -25.783  0.172  0  1  1  0     1048578  1  0  0  0  1  0  0  3325 52522 51791  387  531  41  6  109   25     1179652  1  0  0  0  1  1  0 18.338 0.016 18.190 0.006 17.935 0.006 17.879 0.008 17.689 0.023   588015510343188505   109153258865426432 LBQS 2358+0038           
000043.70-001346.2   0.182124  -0.229504 2.1924 21.654 0.176 20.898 0.037 20.392 0.034 20.171 0.038 19.557 0.082  0.173 20.477  0.000   0.000  0.000  -9.000  0.000  0.000  0.000 0.000  0.000 0.000  0.000 0.000  0.000  0 -25.470  0.559  0  0  1  0           0  0  0  0  0  0  0  0  3325 52522 52902 1091   83  41  3  109  169           0  0  0  0  0  0  0  0 21.654 0.176 20.898 0.037 20.392 0.034 20.171 0.038 19.557 0.082   588015508732575913   307316412299345920 SDSS J000043.70-001346.2 
000043.95-091134.9   0.183142  -9.193038 0.4393 19.067 0.038 18.706 0.033 18.578 0.020 18.366 0.025 18.126 0.029  0.190 20.462  0.000   0.000  0.000  -9.000  0.000  0.000 17.076 0.160 16.324 0.196 15.122 0.128  0.234 13 -23.439  0.163  0  1  1  0     1048578  1  0  0  0  1  0  0  1740 51814 52143  650  538  40  5   23   54     1048580  1  0  0  0  1  0  0 18.991 0.024 18.688 0.009 18.582 0.015 18.367 0.012 18.125 0.027   587727227300806710   183182689598177280 SDSS J000043.95-091134.9 
000045.77+255106.1   0.190716  25.851720 1.4446 20.641 0.085 20.137 0.024 19.614 0.020 19.341 0.021 19.330 0.055  0.223 20.682 -1.000   0.000  0.000  -9.000  0.000  0.000  0.000 0.000  0.000 0.000  0.000 0.000  0.000  0 -25.352  0.455  0  0  1  0    33554432  0  0  0  0  0  0  0  4836 53265 54389 2822  339  40  6  367  209    33554432  0  0  0  0  0  0  0 20.641 0.085 20.137 0.024 19.614 0.020 19.341 0.021 19.330 0.055   587740525078970577   794555984675602432                          
000046.15-003007.1   0.192320  -0.501993 1.4453 19.875 0.055 19.664 0.022 19.503 0.027 19.507 0.027 19.443 0.073  0.216 20.483  0.000   0.000  0.000  -9.000  0.000  0.000  0.000 0.000 16.220 0.214  0.000 0.000  0.000  6 -25.185 -0.182  0  0  1  0    34603008  0  0  0  0  1  0  0  2662 52197 52203  685  150  40  2  284   49     1179648  0  0  0  0  1  1  0 19.618 0.033 19.470 0.012 19.416 0.014 19.340 0.020 19.299 0.076   587731185667145777   193034569853698048 SDSS J000046.15-003007.1 
000046.42+011420.8   0.193417   1.239116 3.7589 26.056 0.646 21.402 0.051 20.009 0.027 19.753 0.035 19.425 0.078  0.149 20.491  0.000   0.000  0.000  -9.000  0.000  0.000  0.000 0.000  0.000 0.000  0.000 0.000  0.000  0 -27.073  0.399  0  0  1  0           0  0  0  0  0  0  0  0  2662 52197 52902 1091  553  40  6  284  181           0  0  0  0  0  0  0  0 26.056 0.646 21.402 0.051 20.009 0.027 19.753 0.035 19.425 0.078   587731187814629557   307316414270668800 SDSS J000046.41+011420.8 
000049.46-100043.8   0.206107 -10.012186 1.1382 21.724 0.198 21.104 0.052 20.499 0.033 20.367 0.044 19.784 0.112  0.183 20.455  0.000   0.000  0.000  -9.000  0.000  0.000  0.000 0.000  0.000 0.000  0.000 0.000  0.000  0 -23.743  0.474  0  1  1  0           0  0  0  0  0  0  0  0  1740 51814 52143  650  172  40  3   23  179           1  0  1  0  0  0  0  0 21.698 0.203 21.115 0.043 20.492 0.034 20.298 0.043 19.709 0.113   587727226227065011   183182688063062016 SDSS J000049.46-100043.8 
000050.60-102155.9   0.210837 -10.365531 2.6404 19.447 0.046 18.430 0.020 18.395 0.025 18.303 0.025 17.916 0.029  0.206 20.449 13.147 129.935  0.149  -9.000  0.000  0.000 16.735 0.113 16.190 0.175 16.017 0.276  0.336 13 -27.771  0.001  0  1  1  0           8  0  0  1  0  0  0  0  1729 51813 52143  650  178  40  3   84  117          17  0  1  1  0  0  0  0 19.405 0.032 18.397 0.009 18.379 0.016 18.337 0.018 17.953 0.029   587727178986422389   183182688088227840 FBQS J0000-1021          
000051.56+001202.5   0.214855   0.200707 3.9713 26.081 0.652 22.130 0.092 20.343 0.032 20.027 0.038 19.613 0.100  0.181 20.456 15.240  20.069  0.410  -9.000  0.000  0.000  0.000 0.000  0.000 0.000  0.000 0.000  0.000  0 -26.930  0.594  0  0  1  0    33554433  0  1  0  0  0  0  0  3325 52522 52991 1489  506  41  4  109  571    33554433  0  1  0  0  0  0  0 26.081 0.652 22.130 0.092 20.343 0.032 20.027 0.038 19.613 0.100   588015509269447227   419343837056466944 SDSS J000051.56+001202.5 
000053.09-003712.8   0.221221  -0.620238 1.3208 18.900 0.040 18.654 0.020 18.571 0.024 18.581 0.023 18.635 0.041  0.215 20.480  0.000   0.000  0.000  -9.000  0.000  0.000  0.000 0.000  0.000 0.000  0.000 0.000  0.000  0 -25.897 -0.249  0  1  1  0           2  1  0  0  0  0  0  0  2662 52197 51791  387  169  40  2  284   11           4  1  0  0  0  0  0  0 18.684 0.019 18.576 0.008 18.440 0.009 18.484 0.012 18.653 0.045   587731185667145739   109153257347088384 SDSS J000053.09-003712.8 
000053.17-001732.9   0.221556  -0.292490 2.7571 20.734 0.086 19.661 0.024 19.606 0.021 19.694 0.027 19.518 0.080  0.174 20.470  0.000   0.000  0.000  -9.000  0.000  0.000  0.000 0.000 16.467 0.242  0.000 0.000  0.000  6 -26.463 -0.220  0  0  1  0    34603008  0  0  0  0  1  0  0  3325 52522 52203  685  154  41  3  109   81    34603008  0  0  0  0  1  0  0 20.607 0.094 19.763 0.019 19.704 0.023 19.655 0.030 19.428 0.100   588015508732575825   193034569870475264 SDSS J000053.17-001732.9 
000053.71+150637.1   0.223830  15.110330 1.4115 19.976 0.042 19.663 0.017 19.266 0.018 19.063 0.021 19.063 0.056  0.219 20.572 -1.000   0.000  0.000  -9.000  0.000  0.000  0.000 0.000  0.000 0.000  0.000 0.000  0.000  0 -25.574  0.271  0  1  1  1     1048578  1  0  0  0  1  0  0  2566 52170 52251  751  355  40  4  310  228           2  1  0  0  0  0  0  0 19.971 0.041 19.671 0.015 19.282 0.017 19.111 0.024 19.060 0.054   587730774425731300   211612125334863872 SDSS J000053.71+150637.1 
000054.02+005503.0   0.225086   0.917518 1.1819 20.232 0.067 19.851 0.021 19.574 0.019 19.450 0.030 19.433 0.079  0.148 20.474  0.000   0.000  0.000  -9.000  0.000  0.000  0.000 0.000  0.000 0.000  0.000 0.000  0.000  0 -24.736  0.126  0  0  1  0    34603008  0  0  0  0  1  0  0  3325 52522 52203  685  520  41  6  109   92     1179648  0  0  0  0  1  1  0 19.945 0.055 19.676 0.018 19.436 0.019 19.385 0.027 19.315 0.094   588015510343188572   193034571405590528 SDSS J000054.01+005503.0 
000054.96+010143.4   0.229009   1.028724 1.4617 19.975 0.059 19.731 0.020 19.406 0.018 19.179 0.028 19.201 0.067  0.140 20.477 15.078  22.993  0.418  -9.000  0.000  0.000 17.199 0.256  0.000 0.000  0.000 0.000  0.000 18 -25.508  0.248  0  0  1  0    36700160  0  0  0  0  1  0  0  3325 52522 52203  685  502  41  6  109   95     1048576  0  0  0  0  1  0  0 20.136 0.065 19.868 0.021 19.461 0.020 19.245 0.024 19.276 0.095   588015510343188575   193034571330093056 SDSS J000054.96+010143.4 
000056.89-010409.7   0.237060  -1.069387 2.1065 20.449 0.070 20.149 0.034 19.606 0.022 19.246 0.029 18.803 0.050  0.213 20.549  0.000   0.000  0.000  -9.000  0.000  0.000 17.566 0.340  0.000 0.000  0.000 0.000  0.000 18 -26.320  0.710  0  1  1  0    34603008  0  0  0  0  1  0  0  3325 52522 51791  387   98  41  1  109  136           4  1  0  0  0  0  0  0 20.514 0.083 19.973 0.028 19.542 0.021 19.086 0.022 18.712 0.052   588015507658834056   109153257049292800 SDSS J000056.89-010409.7 
000057.58+010658.6   0.239921   1.116287 2.5551 20.722 0.083 20.156 0.033 20.030 0.027 20.013 0.039 19.794 0.104  0.140 20.483  0.000   0.000  0.000  -9.000  0.000  0.000  0.000 0.000  0.000 0.000  0.000 0.000  0.000  0 -25.960  0.065  0  0  1  0    33554432  0  0  0  0  0  0  0  2662 52197 52902 1091  546  40  6  284  145    33554432  0  0  0  0  0  0  0 20.722 0.083 20.156 0.033 20.030 0.027 20.013 0.039 19.794 0.104   587731187814629521   307316414241308672 SDSS J000057.58+010658.6 
000057.67-085617.0   0.240324  -8.938062 1.0946 18.653 0.021 18.520 0.017 18.263 0.016 18.177 0.017 18.077 0.032  0.191 20.462  0.000   0.000  0.000  -9.000  0.000  0.000 16.995 0.240 16.327 0.236  0.000 0.000  0.000 24 -25.842  0.102  0  1  1  0     1048578  1  0  0  0  1  0  0  1729 51813 52143  650  527  40  6   84   65     1048580  1  0  0  0  1  0  0 18.636 0.022 18.509 0.010 18.271 0.019 18.195 0.022 18.112 0.030   587727180597035073   183182689552039936 SDSS J000057.67-085617.0 
000058.22-004646.5   0.242609  -0.779601 1.8973 18.838 0.034 18.904 0.037 18.915 0.019 18.586 0.017 18.472 0.038  0.220 20.450  0.000   0.000  0.000  -9.000  0.000  0.000 17.475 0.318  0.000 0.000  0.000 0.000  0.000 18 -26.743  0.034  0  1  1  0           3  1  1  0  0  0  0  0  3325 52522 51791  387   93  41  2  109   61           4  1  0  0  0  0  0  0 18.555 0.018 18.681 0.009 18.710 0.011 18.404 0.010 18.322 0.036   588015508195704893   109153257028321280 SDSS J000058.22-004646.5 
000058.77+003510.5   0.244895   0.586252 1.6531 20.201 0.054 19.826 0.026 19.340 0.018 18.876 0.024 18.793 0.045  0.135 20.468  0.000   0.000  0.000  -9.000  0.000  0.000 17.205 0.265  0.000 0.000  0.000 0.000  0.000 18 -26.098  0.677  0  1  1  0           3  1  1  0  0  0  0  0  3325 52522 51791  387  517  41  5  109  125           4  1  0  0  0  0  0  0 20.331 0.076 19.981 0.023 19.498 0.020 19.001 0.019 18.875 0.057   588015509806317693   109153258806706176 SDSS J000058.77+003510.5 
000102.18-102326.9   0.259118 -10.390822 0.2943 18.988 0.033 18.684 0.022 18.313 0.014 18.215 0.016 17.609 0.023  0.216 20.449  0.000   0.000  0.000  -1.547  2.198 22.370 16.904 0.136 16.473 0.206 15.769 0.248  0.406 13 -22.640  0.189  0  1  1  0   135273475  1  1  0  1  1  0  0  1740 51814 52143  650  166  40  2   24   35   135273477  1  1  0  1  1  0  0 18.936 0.029 18.653 0.017 18.275 0.013 18.201 0.018 17.618 0.025   587727225690259491   183182688037896192 SDSS J000102.18-102326.9 
000103.85-104630.3   0.266059 -10.775084 2.0810 18.711 0.031 18.521 0.019 18.410 0.019 18.149 0.015 17.957 0.028  0.185 20.441  0.000   0.000  0.000  -9.000  0.000  0.000 17.006 0.271 16.546 0.303 15.530 0.240  0.000 26 -27.378  0.194  0  1  1  0           0  0  0  0  0  0  0  0  1729 51813 52143  650  133  40  2   85    6           4  1  0  0  0  0  0  0 18.680 0.025 18.494 0.014 18.380 0.014 18.151 0.019 17.950 0.036   587727178449616902   183182687899484160 SDSS J000103.85-104630.3 
000104.52+002753.7   0.268872   0.464944 0.5512 20.692 0.075 20.199 0.032 20.279 0.030 20.079 0.039 19.890 0.108  0.139 20.476  0.000   0.000  0.000  -9.000  0.000  0.000  0.000 0.000  0.000 0.000  0.000 0.000  0.000  0 -22.255  0.006  0  0  1  0    34603008  0  0  0  0  1  0  0  3325 52522 52902 1091  521  41  5  110  100    34603008  0  0  0  0  1  0  0 20.692 0.075 20.199 0.032 20.279 0.030 20.079 0.039 19.890 0.108   588015509806383204   307316414136451072 SDSS J000104.52+002753.8 
000104.92+160101.2   0.270512  16.017013 0.4530 19.910 0.044 19.579 0.020 19.253 0.016 18.974 0.021 18.743 0.040  0.191 20.542 -1.000   0.000  0.000  -9.000  0.000  0.000 16.863 0.241  0.000 0.000 15.921 0.237  0.000 20 -22.905  0.402  1  1  1  1           0  0  0  0  0  0  0  0  1739 51814 52235  750  576  40  6  304  186           2  1  0  0  0  0  0  0 20.059 0.043 19.577 0.022 19.253 0.018 18.983 0.016 18.736 0.041   587727223561126074   211330582565617664 SDSS J000104.92+160101.2 
000107.52+004113.1   0.281367   0.686989 1.3990 20.212 0.051 20.094 0.031 19.798 0.027 19.652 0.034 19.712 0.088  0.139 20.487  0.000   0.000  0.000  -9.000  0.000  0.000 17.466 0.313  0.000 0.000  0.000 0.000  0.000 18 -24.931  0.150  0  0  1  0    34603008  0  0  0  0  1  0  0  2662 52197 52203  685  489  40  5  284  226    34603008  0  0  0  0  1  0  0 20.212 0.051 20.094 0.031 19.798 0.027 19.652 0.034 19.712 0.088   587731187277758690   193034571275567104 SDSS J000107.52+004113.1 
000109.12-004121.6   0.288035  -0.689353 0.4166 19.376 0.036 19.145 0.034 18.944 0.034 18.850 0.020 18.612 0.040  0.206 20.530  0.000   0.000  0.000  -9.000  0.000  0.000 17.030 0.209 16.139 0.180 15.133 0.126  0.334 13 -22.833  0.112  1  1  1  0           2  1  0  0  0  0  0  0  3325 52522 51791  387   57  41  2  110   21     1179652  1  0  0  0  1  1  0 18.970 0.027 18.794 0.009 18.639 0.010 18.554 0.012 18.262 0.033   588015508195770389   109153256877326336 SDSS J000109.12-004121.6 
000110.97-105247.4   0.295722 -10.879857 0.5282 17.999 0.022 17.674 0.026 17.646 0.016 17.484 0.024 17.512 0.028  0.183 20.439  0.000   0.000  0.000  -9.000  0.000  0.000 16.467 0.095 15.614 0.112 14.916 0.108  0.155 13 -24.764  0.017  0  1  1  0     1048578  1  0  0  0  1  0  0  1740 51814 52143  650  126  40  1   24   71     1048580  1  0  0  0  1  0  0 17.950 0.018 17.650 0.018 17.658 0.018 17.506 0.018 17.501 0.021   587727225153388615   183182687870124032 SDSS J000110.97-105247.4 
000111.19-002011.5   0.296662  -0.336539 0.5179 19.249 0.041 18.723 0.019 18.598 0.020 18.294 0.017 18.221 0.033  0.188 20.534 12.983 160.552  0.065  -9.000  0.000  0.000  0.000 0.000 16.228 0.218 15.766 0.243  0.000  8 -23.908  0.281  0  1  1  0          11  1  1  1  0  0  0  0  3325 52522 51791  387  161  41  3  110   13     2097172  1  0  1  0  1  0  0 19.661 0.043 19.106 0.011 18.977 0.013 18.561 0.012 18.470 0.043   588015508732641293   109153257313533952 FBQS J0001-0020          
000112.43-000029.2   0.301830  -0.008137 1.4227 20.574 0.075 20.724 0.038 20.406 0.032 20.281 0.037 20.249 0.142  0.162 20.537  0.000   0.000  0.000  -9.000  0.000  0.000  0.000 0.000  0.000 0.000  0.000 0.000  0.000  0 -24.351  0.147  0  0  1  0    33554432  0  0  0  0  0  0  0  2662 52197 52203  685  153  40  3  284  157     1048576  0  0  0  0  1  0  0 20.140 0.044 20.145 0.019 19.938 0.021 19.848 0.032 19.955 0.141   587731186204016797   193034569866280960 SDSS J000112.43-000029.2 
000112.82-043205.4   0.303435  -4.534849 1.4759 20.342 0.071 20.212 0.027 19.834 0.030 19.584 0.040 19.628 0.101  0.195 20.534 -1.000   0.000  0.000  -9.000  0.000  0.000  0.000 0.000  0.000 0.000  0.000 0.000  0.000  0 -25.148  0.296  0  0  1  0    33554432  0  0  0  0  0  0  0  6372 53997 54327 2630  396  40  2   92  136    33554432  0  0  0  0  0  0  0 20.342 0.071 20.212 0.027 19.834 0.030 19.584 0.040 19.628 0.101   587747119983231112   740512523098259456                          
000116.00+141123.0   0.316674  14.189731 0.4038 19.014 0.026 18.696 0.021 18.712 0.015 18.555 0.021 18.152 0.029  0.299 20.572 -1.000   0.000  0.000  -9.000  0.000  0.000 17.005 0.258 16.207 0.231 16.034 0.244  0.000 26 -23.091 -0.041  0  1  1  1   135273987  1  1  0  1  1  0  0  2566 52170 52235  750   58  40  2  310   99   135273475  1  1  0  1  1  0  0 19.030 0.026 18.695 0.010 18.706 0.016 18.571 0.019 18.161 0.025   587730773351989347   211330580392968192 SDSS J000116.00+141123.0 
000118.40-010221.8   0.326674  -1.039397 1.9685 19.944 0.055 19.924 0.025 19.760 0.025 19.458 0.025 19.326 0.074  0.208 20.549  0.000   0.000  0.000  -9.000  0.000  0.000  0.000 0.000  0.000 0.000  0.000 0.000  0.000  0 -25.951  0.237  0  1  1  0    34603008  0  0  0  0  1  0  0  2662 52197 51791  387   42  40  1  285   84     1048580  1  0  0  0  1  0  0 19.649 0.041 19.353 0.017 19.319 0.018 19.077 0.019 18.945 0.062   587731185130340436   109153256814411776 SDSS J000118.40-010221.8 
000118.69+003314.1   0.327906   0.553917 1.4003 20.712 0.075 20.484 0.036 20.338 0.032 20.295 0.045 20.315 0.155  0.134 20.502  0.000   0.000  0.000  -9.000  0.000  0.000  0.000 0.000  0.000 0.000  0.000 0.000  0.000  0 -24.288 -0.095  0  0  1  0    34603008  0  0  0  0  1  0  0  3325 52522 52902 1091  525  41  5  110  123    34603008  0  0  0  0  1  0  0 20.712 0.075 20.484 0.036 20.338 0.032 20.295 0.045 20.315 0.155   588015509806383227   307316414153228288 SDSS J000118.69+003314.1 
000119.44-011234.3   0.331024  -1.209550 2.2138 20.587 0.073 20.102 0.027 19.947 0.029 19.688 0.033 19.374 0.075  0.216 20.549  0.000   0.000  0.000  -9.000  0.000  0.000  0.000 0.000  0.000 0.000 15.931 0.267  0.000  2 -25.992  0.264  0  0  1  0    33554432  0  0  0  0  0  0  0  3325 52522 52203  685  189  41  1  110  126    33554432  0  0  0  0  0  0  0 20.587 0.073 20.102 0.027 19.947 0.029 19.688 0.033 19.374 0.075   588015507658899582   193034570017275904 SDSS J000119.44-011234.3 
000119.50+001038.0   0.331289   0.177228 1.6209 20.854 0.102 20.528 0.028 20.409 0.035 20.180 0.042 20.069 0.152  0.154 20.551  0.000   0.000  0.000  -9.000  0.000  0.000  0.000 0.000  0.000 0.000  0.000 0.000  0.000  0 -24.756  0.054  0  0  1  0    33554432  0  0  0  0  0  0  0  3325 52522 52902 1091  538  41  4  110  160    33554432  0  0  0  0  0  0  0 20.854 0.102 20.528 0.028 20.409 0.035 20.180 0.042 20.069 0.152   588015509269512352   307316414207754240 SDSS J000119.50+001038.0 
000119.64+154828.8   0.331836  15.808005 1.9218 19.683 0.038 19.559 0.019 19.295 0.024 19.008 0.019 18.819 0.044  0.219 20.542 -1.000   0.000  0.000  -9.000  0.000  0.000  0.000 0.000  0.000 0.000 15.854 0.244  0.000  2 -26.350  0.282  0  1  1  1     1048578  1  0  0  0  1  0  0  2566 52170 52235  750  566  40  6  311  142     1048579  1  1  0  0  1  0  0 19.806 0.038 19.570 0.012 19.298 0.016 18.941 0.024 18.809 0.045   587730775499538574   211330582523674624 SDSS J000119.64+154828.7 
000120.23-111104.2   0.334324 -11.184505 1.4216 19.348 0.039 19.595 0.031 19.284 0.019 19.218 0.029 19.227 0.072  0.193 20.431  0.000   0.000  0.000  -9.000  0.000  0.000  0.000 0.000  0.000 0.000  0.000 0.000  0.000  0 -25.425  0.070  0  1  1  0    34603008  0  0  0  0  1  0  0  1729 51813 52143  650  128  40  1   85  115     1048580  1  0  0  0  1  0  0 19.326 0.031 19.567 0.018 19.300 0.019 19.235 0.023 19.279 0.069   587727177912746099   183182687878512640 SDSS J000120.23-111104.2 
000123.96-102458.1   0.349846 -10.416147 1.0580 18.523 0.027 18.429 0.021 18.210 0.014 18.273 0.016 18.171 0.031  0.233 20.462  0.000   0.000  0.000  -9.000  0.000  0.000  0.000 0.000  0.000 0.000 16.135 0.281  0.000  2 -25.681 -0.087  0  1  1  0     1048578  1  0  0  0  1  0  0  1740 51814 52143  650  150  40  2   24  141     1048580  1  0  0  0  1  0  0 18.511 0.023 18.415 0.016 18.196 0.013 18.277 0.018 18.194 0.033   587727225690259597   183182687970787328 SDSS J000123.96-102458.1 
000123.98+284249.4   0.349948  28.713733 0.9361 21.364 0.123 20.856 0.039 20.283 0.028 20.117 0.034 19.898 0.103  0.302 20.683 -1.000   0.000  0.000  -9.000  0.000  0.000  0.000 0.000  0.000 0.000  0.000 0.000  0.000  0 -23.570  0.585  0  0  1  0           0  0  0  0  0  0  0  0  4152 52911 54452 2824  454 648  3  102  352           0  0  0  0  0  0  0  0 21.364 0.123 20.856 0.039 20.283 0.028 20.117 0.034 19.898 0.103   758874371533439328   795119205694308352                          
000124.23-093349.8   0.350970  -9.563840 1.6326 19.645 0.048 19.361 0.025 19.294 0.020 19.028 0.020 18.930 0.063  0.211 20.462  0.000   0.000  0.000  -9.000  0.000  0.000  0.000 0.000  0.000 0.000  0.000 0.000  0.000  0 -25.948  0.036  0  1  1  0           3  1  1  0  0  0  0  0  1740 51814 52143  650  501  40  4   24  104     1048580  1  0  0  0  1  0  0 19.637 0.045 19.331 0.019 19.295 0.019 19.052 0.027 18.915 0.062   587727226764001384   183182689442988032 SDSS J000124.23-093349.8 
000125.14+000009.4   0.354768   0.002621 1.9739 19.922 0.051 19.779 0.020 19.617 0.024 19.376 0.028 19.177 0.074  0.164 20.450  0.000   0.000  0.000  -9.000  0.000  0.000  0.000 0.000  0.000 0.000  0.000 0.000  0.000  0 -26.021  0.190  0  0  1  0    34603008  0  0  0  0  1  0  0  3325 52522 52203  685  134  41  4  110  173     1048576  0  0  0  0  1  0  0 19.938 0.038 19.979 0.016 19.732 0.018 19.431 0.022 19.159 0.069   588015509269512365   193034569786589184 SDSS J000125.14+000009.4 
000127.79-002756.0   0.365811  -0.465574 1.3358 20.363 0.072 20.263 0.037 19.978 0.028 19.867 0.035 19.905 0.102  0.187 20.450  0.000   0.000  0.000  -9.000  0.000  0.000  0.000 0.000  0.000 0.000  0.000 0.000  0.000  0 -24.626  0.076  0  0  1  0    34603008  0  0  0  0  1  0  0  2662 52197 52203  685  124  40  2  285   89     1048576  0  0  0  0  1  0  0 20.162 0.050 20.087 0.019 19.935 0.021 19.844 0.032 19.770 0.117   587731185667211353   193034569744646144 SDSS J000127.79-002756.0 
000131.42+144610.6   0.380935  14.769627 0.5304 19.282 0.026 19.005 0.024 19.069 0.014 18.866 0.020 18.843 0.046  0.233 20.572 -1.000   0.000  0.000  -9.000  0.000  0.000 17.507 0.336  0.000 0.000 15.637 0.221  0.000 20 -23.413 -0.056  0  1  1  1           2  1  0  0  0  0  0  0  1739 51814 52235  750  112  40  3  305   27           3  1  1  0  0  0  0  0 19.277 0.026 19.000 0.019 19.091 0.018 18.847 0.037 18.863 0.042   587727221950578715   211330580619460608 SDSS J000131.42+144610.6 
000132.83+145608.0   0.386798  14.935570 0.3988 19.233 0.026 19.197 0.024 19.256 0.015 19.037 0.020 18.403 0.035  0.229 20.572 -1.000   0.000  0.000  -1.412  3.598  7.630 16.949 0.239 15.611 0.149 15.274 0.165  0.341 22 -22.550  0.005  1  1  1  1        7682  1  0  0  1  0  0  0  1739 51814 52251  751  303  40  3  305   31        7170  1  0  0  1  0  0  0 19.294 0.026 19.199 0.019 19.287 0.019 18.991 0.037 18.431 0.031   587727221950578719   211612125116760064 SDSS J000132.83+145608.0 
000135.51-004206.7   0.397988  -0.701882 3.5816 23.682 1.152 20.458 0.041 19.479 0.036 19.368 0.023 19.430 0.074  0.202 20.450  0.000   0.000  0.000  -9.000  0.000  0.000 17.198 0.284  0.000 0.000  0.000 0.000  0.000 18 -27.375 -0.021  0  0  1  0      524289  0  1  0  0  0  1  0  3325 52522 52991 1489  104  41  2  110  168      524289  0  1  0  0  0  1  0 23.682 1.152 20.458 0.041 19.479 0.036 19.368 0.023 19.430 0.074   588015508195770536   419343835370356736 SDSS J000135.51-004206.7 
000139.42+152624.1   0.414279  15.440042 1.7892 18.892 0.024 18.748 0.015 18.466 0.019 18.104 0.018 18.186 0.031  0.225 20.542 -1.000   0.000  0.000  -9.000  0.000  0.000 17.049 0.272  0.000 0.000  0.000 0.000  0.000 18 -27.091  0.338  0  1  1  1     1048579  1  1  0  0  1  0  0  2566 52170 52235  750  541  40  5  311  157     1048579  1  1  0  0  1  0  0 18.886 0.019 18.747 0.022 18.468 0.019 18.104 0.014 18.180 0.029   587730774962667677   211330582418817024 SDSS J000139.42+152624.1 
000139.64-103824.1   0.415170 -10.640032 1.8191 19.725 0.046 19.737 0.023 19.656 0.024 19.282 0.022 19.448 0.079  0.197 20.462  0.000   0.000  0.000  -9.000  0.000  0.000  0.000 0.000  0.000 0.000  0.000 0.000  0.000  0 -25.940  0.156  0  1  1  0    34603008  0  0  0  0  1  0  0  1729 51813 52143  650  136  40  2   85  173     1048581  1  1  0  0  1  0  0 19.709 0.043 19.718 0.019 19.649 0.021 19.274 0.024 19.441 0.082   587727178449617069   183182687912067072 SDSS J000139.64-103824.0 
000139.83-003713.5   0.415977  -0.620424 1.8326 19.424 0.040 19.392 0.034 19.462 0.023 19.218 0.030 19.202 0.057  0.208 20.450  0.000   0.000  0.000  -9.000  0.000  0.000  0.000 0.000  0.000 0.000  0.000 0.000  0.000  0 -26.026 -0.117  0  0  1  0           0  0  0  0  0  0  0  0  2662 52197 52902 1091   90  40  2  285   43           0  0  0  0  0  0  0  0 19.424 0.040 19.392 0.034 19.462 0.023 19.218 0.030 19.202 0.057   587731185667211307   307316412328706048 SDSS J000139.83-003713.5 
000140.70+260425.5   0.419608  26.073776 0.7653 19.932 0.040 19.277 0.016 18.987 0.019 19.027 0.019 18.706 0.036  0.209 20.610 -1.000   0.000  0.000  -9.000  0.000  0.000  0.000 0.000  0.000 0.000  0.000 0.000  0.000  0 -24.134  0.238  0  0  1  0           3  1  1  0  0  0  0  0  4851 53271 54389 2822  322  40  6   34  382           3  1  1  0  0  0  0  0 19.932 0.040 19.277 0.016 18.987 0.019 19.027 0.019 18.706 0.036   587740589481656702   794555984604299264                          
000141.43+002356.3   0.422644   0.398987 0.9329 19.289 0.035 19.031 0.024 18.850 0.015 18.926 0.027 18.869 0.051  0.167 20.450  0.000   0.000  0.000  -9.000  0.000  0.000 17.261 0.275  0.000 0.000  0.000 0.000  0.000 18 -24.698  0.006  0  1  1  0           2  1  0  0  0  0  0  0  2662 52197 51791  387  514  40  4  285  124     1048580  1  0  0  0  1  0  0 19.461 0.027 19.206 0.010 18.962 0.010 18.994 0.015 19.006 0.070   587731186740953212   109153258794123264 SDSS J000141.43+002356.2 
